13 22
0 0.25 8.95258 
1 0 0 0 
0 0 0 
1 0 0 0 
-2 1 0 
1 0 0 0 
0.5 0.75 0 
1 0 0 0 
0.75 0 0 
1 0 0 0 
-0.5 0.75 0 
1 0 0 0 
-0.75 0 0 
1 0 0 0 
0 0.75 0 
1 0 0 0 
0.5 -0.75 0 
1 0 0 0 
0 -0.75 0 
1 0 0 0 
-0.5 -0.75 0 
1 0 0 0 
0 -0.75 0 
1 0 0 0 
2 1 0 
1 0 0 0 
0.5 0.75 0 
1 0 0 0 
0.75 0 0 
1 0 0 0 
-0.5 0.75 0 
1 0 0 0 
-0.75 0 0 
1 0 0 0 
0 0.75 0 
1 0 0 0 
0.5 -0.75 0 
1 0 0 0 
0 -0.75 0 
1 0 0 0 
-0.5 -0.75 0 
1 0 0 0 
0 -0.75 0 
1 0 0 0 
7.89139 3.49825 -2.38735 
0.609684 -0.299168 0.734016 0.00206445 
0 0 0 
1 0 0 0 
-2 1 0 
1 0 0 0 
0.5 0.75 0 
1 0 0 0 
0.75 0 0 
1 0 0 0 
-0.5 0.75 0 
1 0 0 0 
-0.75 0 0 
1 0 0 0 
0 0.75 0 
1 0 0 0 
0.5 -0.75 0 
1 0 0 0 
0 -0.75 0 
1 0 0 0 
-0.5 -0.75 0 
1 0 0 0 
0 -0.75 0 
1 0 0 0 
2 1 0 
1 0 0 0 
0.5 0.75 0 
1 0 0 0 
0.75 0 0 
1 0 0 0 
-0.5 0.75 0 
1 0 0 0 
-0.75 0 0 
1 0 0 0 
0 0.75 0 
1 0 0 0 
0.5 -0.75 0 
1 0 0 0 
0 -0.75 0 
1 0 0 0 
-0.5 -0.75 0 
1 0 0 0 
0 -0.75 0 
1 0 0 0 
4.19205 5.08295 -6.06643 
0.394403 -0.520087 0.751411 0.0966311 
0 0 0 
1 0 0 0 
-2 1 0 
1 0 0 0 
0.5 0.75 0 
1 0 0 0 
0.75 0 0 
1 0 0 0 
-0.5 0.75 0 
1 0 0 0 
-0.75 0 0 
1 0 0 0 
0 0.75 0 
1 0 0 0 
0.5 -0.75 0 
1 0 0 0 
0 -0.75 0 
1 0 0 0 
-0.5 -0.75 0 
1 0 0 0 
0 -0.75 0 
1 0 0 0 
2 1 0 
1 0 0 0 
0.5 0.75 0 
1 0 0 0 
0.75 0 0 
1 0 0 0 
-0.5 0.75 0 
1 0 0 0 
-0.75 0 0 
1 0 0 0 
0 0.75 0 
1 0 0 0 
0.5 -0.75 0 
1 0 0 0 
0 -0.75 0 
1 0 0 0 
-0.5 -0.75 0 
1 0 0 0 
0 -0.75 0 
1 0 0 0 
-2.42799 5.16303 -6.90357 
0.145847 -0.706768 0.623224 0.30133 
0 0 0 
1 0 0 0 
-2 1 0 
1 0 0 0 
0.5 0.75 0 
1 0 0 0 
0.75 0 0 
1 0 0 0 
-0.5 0.75 0 
1 0 0 0 
-0.75 0 0 
1 0 0 0 
0 0.75 0 
1 0 0 0 
0.5 -0.75 0 
1 0 0 0 
0 -0.75 0 
1 0 0 0 
-0.5 -0.75 0 
1 0 0 0 
0 -0.75 0 
1 0 0 0 
2 1 0 
1 0 0 0 
0.5 0.75 0 
1 0 0 0 
0.75 0 0 
1 0 0 0 
-0.5 0.75 0 
1 0 0 0 
-0.75 0 0 
1 0 0 0 
0 0.75 0 
1 0 0 0 
0.5 -0.75 0 
1 0 0 0 
0 -0.75 0 
1 0 0 0 
-0.5 -0.75 0 
1 0 0 0 
0 -0.75 0 
1 0 0 0 
-6.50858 3.0754 -5.32837 
-0.0458426 -0.753989 0.485819 0.439749 
0 0 0 
1 0 0 0 
-2 1 0 
1 0 0 0 
0.5 0.75 0 
1 0 0 0 
0.75 0 0 
1 0 0 0 
-0.5 0.75 0 
1 0 0 0 
-0.75 0 0 
1 0 0 0 
0 0.75 0 
1 0 0 0 
0.5 -0.75 0 
1 0 0 0 
0 -0.75 0 
1 0 0 0 
-0.5 -0.75 0 
1 0 0 0 
0 -0.75 0 
1 0 0 0 
2 1 0 
1 0 0 0 
0.5 0.75 0 
1 0 0 0 
0.75 0 0 
1 0 0 0 
-0.5 0.75 0 
1 0 0 0 
-0.75 0 0 
1 0 0 0 
0 0.75 0 
1 0 0 0 
0.5 -0.75 0 
1 0 0 0 
0 -0.75 0 
1 0 0 0 
-0.5 -0.75 0 
1 0 0 0 
0 -0.75 0 
1 0 0 0 
-8.69632 -2.13459 -0.169501 
-0.321989 -0.695675 0.186992 0.614324 
0 0 0 
1 0 0 0 
-2 1 0 
1 0 0 0 
0.5 0.75 0 
1 0 0 0 
0.75 0 0 
1 0 0 0 
-0.5 0.75 0 
1 0 0 0 
-0.75 0 0 
1 0 0 0 
0 0.75 0 
1 0 0 0 
0.5 -0.75 0 
1 0 0 0 
0 -0.75 0 
1 0 0 0 
-0.5 -0.75 0 
1 0 0 0 
0 -0.75 0 
1 0 0 0 
2 1 0 
1 0 0 0 
0.5 0.75 0 
1 0 0 0 
0.75 0 0 
1 0 0 0 
-0.5 0.75 0 
1 0 0 0 
-0.75 0 0 
1 0 0 0 
0 0.75 0 
1 0 0 0 
0.5 -0.75 0 
1 0 0 0 
0 -0.75 0 
1 0 0 0 
-0.5 -0.75 0 
1 0 0 0 
0 -0.75 0 
1 0 0 0 
-6.10126 -4.45985 4.80579 
-0.490953 -0.488075 -0.00308802 0.721622 
0 0 0 
1 0 0 0 
-2 1 0 
1 0 0 0 
0.5 0.75 0 
1 0 0 0 
0.75 0 0 
1 0 0 0 
-0.5 0.75 0 
1 0 0 0 
-0.75 0 0 
1 0 0 0 
0 0.75 0 
1 0 0 0 
0.5 -0.75 0 
1 0 0 0 
0 -0.75 0 
1 0 0 0 
-0.5 -0.75 0 
1 0 0 0 
0 -0.75 0 
1 0 0 0 
2 1 0 
1 0 0 0 
0.5 0.75 0 
1 0 0 0 
0.75 0 0 
1 0 0 0 
-0.5 0.75 0 
1 0 0 0 
-0.75 0 0 
1 0 0 0 
0 0.75 0 
1 0 0 0 
0.5 -0.75 0 
1 0 0 0 
0 -0.75 0 
1 0 0 0 
-0.5 -0.75 0 
1 0 0 0 
0 -0.75 0 
1 0 0 0 
0.9112 -3.35376 8.25429 
-0.674117 -0.103446 -0.164248 0.712663 
0 0 0 
1 0 0 0 
-2 1 0 
1 0 0 0 
0.5 0.75 0 
1 0 0 0 
0.75 0 0 
1 0 0 0 
-0.5 0.75 0 
1 0 0 0 
-0.75 0 0 
1 0 0 0 
0 0.75 0 
1 0 0 0 
0.5 -0.75 0 
1 0 0 0 
0 -0.75 0 
1 0 0 0 
-0.5 -0.75 0 
1 0 0 0 
0 -0.75 0 
1 0 0 0 
2 1 0 
1 0 0 0 
0.5 0.75 0 
1 0 0 0 
0.75 0 0 
1 0 0 0 
-0.5 0.75 0 
1 0 0 0 
-0.75 0 0 
1 0 0 0 
0 0.75 0 
1 0 0 0 
0.5 -0.75 0 
1 0 0 0 
0 -0.75 0 
1 0 0 0 
-0.5 -0.75 0 
1 0 0 0 
0 -0.75 0 
1 0 0 0 
8.89578 -0.889501 0.533921 
-0.585029 0.349627 -0.578785 0.447783 
0 0 0 
1 0 0 0 
-2 1 0 
1 0 0 0 
0.5 0.75 0 
1 0 0 0 
0.75 0 0 
1 0 0 0 
-0.5 0.75 0 
1 0 0 0 
-0.75 0 0 
1 0 0 0 
0 0.75 0 
1 0 0 0 
0.5 -0.75 0 
1 0 0 0 
0 -0.75 0 
1 0 0 0 
-0.5 -0.75 0 
1 0 0 0 
0 -0.75 0 
1 0 0 0 
2 1 0 
1 0 0 0 
0.5 0.75 0 
1 0 0 0 
0.75 0 0 
1 0 0 0 
-0.5 0.75 0 
1 0 0 0 
-0.75 0 0 
1 0 0 0 
0 0.75 0 
1 0 0 0 
0.5 -0.75 0 
1 0 0 0 
0 -0.75 0 
1 0 0 0 
-0.5 -0.75 0 
1 0 0 0 
0 -0.75 0 
1 0 0 0 
8.36679 0.213214 -3.18788 
-0.472976 0.479925 -0.659732 0.332747 
0 0 0 
1 0 0 0 
-2 1 0 
1 0 0 0 
0.5 0.75 0 
1 0 0 0 
0.75 0 0 
1 0 0 0 
-0.5 0.75 0 
1 0 0 0 
-0.75 0 0 
1 0 0 0 
0 0.75 0 
1 0 0 0 
0.5 -0.75 0 
1 0 0 0 
0 -0.75 0 
1 0 0 0 
-0.5 -0.75 0 
1 0 0 0 
0 -0.75 0 
1 0 0 0 
2 1 0 
1 0 0 0 
0.5 0.75 0 
1 0 0 0 
0.75 0 0 
1 0 0 0 
-0.5 0.75 0 
1 0 0 0 
-0.75 0 0 
1 0 0 0 
0 0.75 0 
1 0 0 0 
0.5 -0.75 0 
1 0 0 0 
0 -0.75 0 
1 0 0 0 
-0.5 -0.75 0 
1 0 0 0 
0 -0.75 0 
1 0 0 0 
7.03951 0.897216 -5.46366 
-0.384406 0.556102 -0.6966 0.240273 
0 0 0 
1 0 0 0 
-2 1 0 
1 0 0 0 
0.5 0.75 0 
1 0 0 0 
0.75 0 0 
1 0 0 0 
-0.5 0.75 0 
1 0 0 0 
-0.75 0 0 
1 0 0 0 
0 0.75 0 
1 0 0 0 
0.5 -0.75 0 
1 0 0 0 
0 -0.75 0 
1 0 0 0 
-0.5 -0.75 0 
1 0 0 0 
0 -0.75 0 
1 0 0 0 
2 1 0 
1 0 0 0 
0.5 0.75 0 
1 0 0 0 
0.75 0 0 
1 0 0 0 
-0.5 0.75 0 
1 0 0 0 
-0.75 0 0 
1 0 0 0 
0 0.75 0 
1 0 0 0 
0.5 -0.75 0 
1 0 0 0 
0 -0.75 0 
1 0 0 0 
-0.5 -0.75 0 
1 0 0 0 
0 -0.75 0 
1 0 0 0 
-1.66291 0.99203 -8.74425 
0.00812696 0.7539 -0.649577 -0.0980782 
0 0 0 
1 0 0 0 
-2 1 0 
1 0 0 0 
0.5 0.75 0 
1 0 0 0 
0.75 0 0 
1 0 0 0 
-0.5 0.75 0 
1 0 0 0 
-0.75 0 0 
1 0 0 0 
0 0.75 0 
1 0 0 0 
0.5 -0.75 0 
1 0 0 0 
0 -0.75 0 
1 0 0 0 
-0.5 -0.75 0 
1 0 0 0 
0 -0.75 0 
1 0 0 0 
2 1 0 
1 0 0 0 
0.5 0.75 0 
1 0 0 0 
0.75 0 0 
1 0 0 0 
-0.5 0.75 0 
1 0 0 0 
-0.75 0 0 
1 0 0 0 
0 0.75 0 
1 0 0 0 
0.5 -0.75 0 
1 0 0 0 
0 -0.75 0 
1 0 0 0 
-0.5 -0.75 0 
1 0 0 0 
0 -0.75 0 
1 0 0 0 
-6.66684 -0.234542 -5.97574 
0.230298 0.758638 -0.517439 -0.322006 
0 0 0 
1 0 0 0 
-2 1 0 
1 0 0 0 
0.5 0.75 0 
1 0 0 0 
0.75 0 0 
1 0 0 0 
-0.5 0.75 0 
1 0 0 0 
-0.75 0 0 
1 0 0 0 
0 0.75 0 
1 0 0 0 
0.5 -0.75 0 
1 0 0 0 
0 -0.75 0 
1 0 0 0 
-0.5 -0.75 0 
1 0 0 0 
0 -0.75 0 
1 0 0 0 
2 1 0 
1 0 0 0 
0.5 0.75 0 
1 0 0 0 
0.75 0 0 
1 0 0 0 
-0.5 0.75 0 
1 0 0 0 
-0.75 0 0 
1 0 0 0 
0 0.75 0 
1 0 0 0 
0.5 -0.75 0 
1 0 0 0 
0 -0.75 0 
1 0 0 0 
-0.5 -0.75 0 
1 0 0 0 
0 -0.75 0 
1 0 0 0 
